
tetha = 2.6;
fmax = 100;
fmin = 20;

delta = 20;
t_soft = [6763.75, 3420.3, 3216.7];
e_soft = [509.75, 614.93, 524.67];


EnergyOptimization;
